"distanceTable0": [
        [0.389, 31],
        [0.524, 22],
        [0.537, 21],
        [0.543, 20],
        [0.583, 19],
        [0.604, 18],
        [0.619, 17],
        [0.659, 16],
        [0.681, 15],
        [0.74, 14],
        [0.778, 13],
        [0.833, 12],
        [0.892, 11],
        [0.969, 10],
        [1.067, 9],
        [1.201, 8],
        [1.339, 7],
        [1.526, 6],
        [1.801, 5],
        [2.128, 4],
        [2.622, 3]
    ],
    "distanceTable1": [
        [0.472, 31],
        [0.552, 22],
        [0.573, 21],
        [0.576, 20],
        [0.591, 19],
        [0.624, 18],
        [0.651, 17],
        [0.680, 16],
        [0.698, 15],
        [0.731, 14],
        [0.783, 13],
        [0.847, 12],
        [0.955, 11],
        [1.04, 10],
        [1.134, 9],
        [1.262, 8],
        [1.393, 7],
        [1.619, 6],
        [1.877, 5],
        [2.232, 4],
        [2.822, 3]
    ],
    "distanceTable2": [
        [0.43, 31],
        [0.45, 29],
        [0.47, 27],
        [0.50, 25],
        [0.54, 23],
        [0.58, 21],
        [0.62, 19],
        [0.68, 17],
        [0.76, 15],
        [0.79, 14],
        [0.85, 13],
        [0.91, 12],
        [1.00, 11],
        [1.08, 10],
        [1.18, 9],
        [1.32, 8],
        [1.50, 7],
        [1.75, 6],
        [2.07, 5],
        [2.51, 4],
        [3.14, 3]
    ],
    "distanceTable3": [
        [0.39, 31],
        [0.42, 29],
        [0.44, 27],
        [0.48, 25],
        [0.51, 23],
        [0.57, 21],
        [0.57, 19],
        [0.64, 17],
        [0.70, 15],
        [0.75, 14],
        [0.79, 13],
        [0.85, 12],
        [0.93, 11],
        [1.00, 10],
        [1.10, 9],
        [1.24, 8],
        [1.35, 7],
        [1.54, 6],
        [1.73, 5],
        [2.14, 4],
        [2.76, 3]
    ],
    "distanceTable4":[
        [0.400,31],
        [0.534,22],
        [0.554,21],
        [0.574,20],
        [0.593,19],
        [0.613,18],
        [0.651,17],
        [0.690,16],
        [0.728,15],
        [0.765,14],
        [0.804,13],
        [0.880,12],
        [0.939,11],
        [1.038,10],
        [1.133,9],
        [1.256,8],
        [1.403,7],
        [1.646,6],
        [1.989,5],
        [2.328,4],
        [2.893,3]
    ],
    "distanceTable5":[
        [0.405,31],
        [0.527,22],
        [0.569,21],
        [0.570,20],
        [0.593,19],
        [0.614,18],
        [0.653,17],
        [0.667,16],
        [0.730,15],
        [0.754,14],
        [0.828,13],
        [0.874,12],
        [0.946,11],
        [1.029,10],
        [1.118,9],
        [1.255,8],
        [1.394,7],
        [1.599,6],
        [1.892,5],
        [2.301,4],
        [2.938,3]
    ],
    "distanceTable6":[
        [0.397,31],
        [0.529,22],
        [0.541,21],
        [0.562,20],
        [0.582,19],
        [0.621,18],
        [0.638,17],
        [0.671,16],
        [0.721,15],
        [0.779,14],
        [0.834,13],
        [0.886,12],
        [0.94,11],
        [1.027,10],
        [1.134,9],
        [1.249,8],
        [1.41,7],
        [1.61,6],
        [1.892,5],
        [2.307,4],
        [2.922,3]
    ],
sensor 5:
31 0.39062496
30 0.396728475
29 0.418701129
28 0.417480426
27 0.437011674
26 0.43457026800000004
25 0.456542922
24 0.458984328
23 0.47485346700000003
22 0.498046824
21 0.507812448
20 0.548095647
19 0.570068301
18 0.588378846
17 0.6323241540000001
16 0.662841729
15 0.706787037
14 0.745849533
13 0.8007811680000001
12 0.8544921000000001
11 0.9313963890000001
10 1.011962787
9 1.1096190270000001
8 1.2426756540000001
7 1.384277202
6 1.593017415
5 1.8640134810000002
4 2.2729489860000003
3 2.8479000990000003

sensor 6:

sensor 7:

sensor 8:
31 0.438232377
30 0.457763625
29 0.45166011
28 0.471191358
27 0.47607417
26 0.490722606
25 0.49194330900000005
24 0.5151366660000001
23 0.51269526
22 0.5407714290000001
21 0.552978459
20 0.57373041
19 0.611572203
18 0.629882748
17 0.656738214
16 0.69580071
15 0.728759691
14 0.766601484
13 0.8312987430000001
12 0.888671784
11 0.96435537
10 1.040038956
9 1.131591681
8 1.2695311200000001
7 1.4282225100000001
6 1.6101072570000001
5 1.874999808
4 2.2680661740000003
3 2.7929684640000003

